# Grafos

Exemplos para testes:

---------------------------------------------------------------------------

8 vértices;
6 arestas;

1 2
1 3
2 3
2 4
4 5
6 7

---------------------------------------------------------------------------

10 Vértices
15 arestas

0 1
0 3
3 2
1 2
1 4
2 5
4 7
4 9
4 5
5 8
5 6
6 9
6 7
8 7
8 9

---------------------------------------------------------------------------

5 vértices
5 arestas

0 1
1 2
2 3
3 4
4 1

---------------------------------------------------------------------------

8 vértices;
7 arestas;

0 1
0 2
2 1
1 3
3 4
5 6
6 5

---------------------------------------------------------------------------

Direcionado e sem ciclo;
Não direcionado e com ciclo;

4 vértices;
4 arestas;

0 1
1 2
1 3
3 2

---------------------------------------------------------------------------

Direcionado com ciclo:

4 vértices;
5 arestas;

0 1
1 2
1 3
2 3
3 0

---------------------------------------------------------------------------
